iteration,diff
2,6.65037367249124
3,6.41777115909169
4,0.218059278094586
5,0.267256975729154
6,1.74659047757903
7,0.173790687036458
8,0.178093495727595
9,0.0530130524197716
10,1.47442287044852
11,1.05369504263302
12,0.714896386008803
13,0.286796127678372
14,0.179613497634207
15,0.163735287913767
16,0.228351311414855
17,1.01021589822462
18,0.811402183690632
19,0.602566160805438
20,0.472282223132396
21,0.128844272422981
22,0.188937430069444
23,0.549029450738018
24,0.379395078816216
25,0.975016317675113
26,0.45008558008773
27,0.0450256319939655
28,0.237137956357913
29,0.385426871710095
30,0.500857619600339
31,0.0749010750613053
32,0.600402230492321
33,0.190859506200624
34,0.218593367050175
35,0.0192797766684407
36,0.772177809669543
37,0.0591806713852634
38,0.109453419733256
39,0.216312121163369
40,0.0784115872048545
41,0.105579067172968
42,0.259140821516752
43,0.0767599213852606
44,0.287174903522171
45,0.261684109863694
46,0.0411340239791116
47,0.112395106041063
48,0.156730053368989
49,0.279335246131424
50,0.225411394747454
51,0.0700313255682516
52,0.0843469128513874
53,0.224580870997542
54,0.11738658394637
55,0.0681161466155515
56,0.224484555260844
57,0.154472240064962
58,0.171071290492208
59,0.182500259003348
60,0.115153163765982
61,0.0945910362919449
62,0.00550212855836207
63,0.0800933922411815
64,0.155548659703996
65,0.0259972123462688
66,0.26451803092742
67,0.0914269374785022
68,0.0150961362988937
69,0.0325665171441187
70,0.37926735597992
71,0.168237925828763
72,0.142279856852369
73,0.100610353030618
74,0.111738146478999
75,0.162305826188472
76,0.140247977045291
77,0.0530729159162036
78,0.0357531674107321
79,0.204621343335731
80,0.215211264635116
81,0.0303723297978991
82,0.04836382876708
83,0.192968534254518
84,0.0257482033543539
85,0.0597662657499853
86,0.093361928743164
87,0.232097074438158
88,0.182996597064246
89,0.0465533552283972
90,0.143561427149919
91,0.179450444367319
92,0.0554250393364413
93,0.0100277909461965
94,0.134950043546169
95,0.0828151002885846
96,0.113552798531202
97,0.145116135622274
98,0.228715261399714
99,0.0671579892139391
100,0.0228219871066244
101,0.108741671342699
102,0.0781813289836606
103,0.0570556716594837
104,0.122434014072226
105,0.159471514692626
106,0.135522927893476
107,0.0817671064499734
108,0.0428406090977376
109,0.146678442326902
110,0.0807722817164347
111,0.0837324749382446
112,0.0630414026685173
113,0.268505150773308
114,0.157755945143677
115,0.00321019514901599
116,0.0850937469556925
117,0.0269326276401785
118,0.0090632032175364
119,0.00711719526638888
120,0.0843872584615752
121,0.162629416591741
122,0.156445131309809
123,0.0171805884756964
124,0.0180872169325141
125,0.00456623128330591
126,0.0035569343270434
127,0.0693254946484956
128,0.0901542432765154
129,0.0241000064432342
130,0.00318017514734947
131,0.0699653055023077
132,0.0884735622767181
133,0.12402377981013
134,0.101009868370099
135,0.0931996795084586
136,0.0608925552079
137,0.0934010066773681
138,0.169905575131182
139,0.0325599366887133
140,0.0657190413604098
141,0.0142275532021898
142,0.10952823411192
143,0.0159618441249165
144,0.0163713948109176
145,0.0138783197730419
146,0.0603306224900564
147,0.125216712245816
148,0.101280773819028
149,0.00371461025815734
150,0.0908367949204774
151,0.0476000298487946
152,0.0852585013071945
153,0.00935606979115278
154,0.0992034848583643
155,0.0381533559311862
156,0.0712096976211996
157,0.00308677456963835
158,0.0938016775091057
159,0.074726985976838
160,0.0748941271261572
161,0.0649187203272277
162,0.00581038962017999
163,0.0276806730414307
164,0.0300556337789146
165,0.0468449369225823
166,0.0109418336042069
167,0.057163307812516
168,0.0329022878677563
169,0.0917881350889473
170,0.0960981821605174
171,0.02485204566905
172,0.0694389916679228
173,0.108613938325988
174,0.0475644684546523
175,0.0751259684412844
176,0.0288370264078424
177,0.0198475514806944
178,0.0231088779532058
179,0.0145333147756759
180,0.083144934958213
181,0.0535036195908987
182,0.0309168509405282
183,0.0773102726523405
184,0.018050775995988
185,0.242535553673576
186,0.0796199831210913
187,0.0415651449132923
188,0.00732769287246526
189,0.0509391350766464
190,0.00127039731566958
191,0.0196735568528226
192,0.0371329656240817
193,0.0762547483962095
194,0.0591336905818167
195,0.0919139039345964
196,0.00844981634767805
197,0.0647852946639631
198,0.144331007146604
199,0.0964312218122956
200,0.0138636834140726
201,0.0207906876180317
202,0.0673186262671805
203,0.0555278186057535
204,0.0612432677282158
205,0.0648256646907015
206,0.0331371753836009
207,0.0140983194439173
208,0.101361813971351
209,0.0943440035024992
210,0.0539778781255933
211,0.020977240777853
212,0.0911185813160813
213,0.00485682616722727
214,0.0210145752914599
215,0.0198274970443606
216,0.00696791000154917
217,0.0369289471239114
218,0.0220738870766155
219,0.0180510653198951
220,0.0242527933380501
221,0.00127534897485759
222,0.011598394466219
223,0.0317775229912911
224,0.039289832457726
225,0.0453336805161655
226,0.00679730246579879
227,0.0237199085331952
228,0.0017784255283857
229,0.0166733962007584
230,0.0512138356376681
231,0.00760065849759206
232,0.0642535115195955
233,0.00631543406549895
234,0.0359053968939094
235,0.0182616152218458
236,0.0560854522817067
237,0.0125455937122183
238,0.0382786012907559
239,0.0574229171025138
240,0.0875107116735734
241,0.0202382734390056
242,0.0124093536419139
243,0.0800474034591616
244,0.0138330091682093
245,0.0635930514904999
246,0.0280644866151079
247,0.00789547215032371
248,0.119300455686243
249,0.0275614773312327
250,0.00856304965503796
251,0.0434449486415502
252,0.0297484257880001
253,0.0283574664946542
254,0.0216643629720465
255,0.044816798841552
256,0.0170522990654689
257,0.0325846948807964
258,0.0496222933484063
259,0.00550036055007297
260,0.00158763882865287
261,0.0485586296040879
262,0.0499479773494755
263,0.0372182236160512
264,0.0227783388379521
265,0.0306731024967632
266,0.0151273723439544
267,0.0279721522154119
268,0.148969865429237
269,0.133801459114849
270,0.00647829537734879
271,0.00233864775137249
272,0.0402968789014722
273,0.0130629706118981
274,0.0283282846142754
275,0.00781424220345173
276,0.0338462541391777
277,0.0609991643328129
278,0.0295050425618371
279,0.00456217893902533
280,0.0424966535164089
281,0.0176890235758549
282,0.00519999992587827
283,0.0526614113528865
284,0.0428259173248051
285,0.00676387802111833
286,0.00348871700583686
287,0.0318383735344838
288,0.101388753507976
289,0.0519004170215567
290,0.0454106930041291
291,0.0517664618211455
292,0.0252353389201971
293,0.0238727973130892
294,0.0158674094747937
295,0.0212164745592389
296,0.00885170550336056
297,0.0397320466834827
298,0.0297625760596247
299,0.00928030257020396
300,0.0184299887745141
301,0.00716217262740315
302,0.0642898998889194
303,0.00151347673740077
304,0.0355639490318111
305,0.0128076805652171
306,0.078521840159496
307,0.027078419286525
308,0.00577331235341205
309,0.00078255945749528
310,0.0695615013464561
311,0.0103725644971888
312,0.0193264101652346
313,0.00249791653372711
314,0.0346287495634101
315,0.0175102847622526
316,0.0351614497149484
317,0.0503906658335467
318,0.0204032793670166
319,0.0263503396151918
320,0.0390564663060928
321,0.0402199760464725
322,0.0119390362234242
323,0.0230101217654948
324,0.0199943476100373
325,0.0149712919886866
326,0.0678334932328823
327,0.0295519565364089
328,0.00140912826616102
329,0.0141293887152329
330,0.0300579301822097
331,0.0198478543857021
332,0.0359173616262467
333,0.0116189296733467
334,0.0165059985073128
335,0.0100968770276779
336,0.0470683845588411
337,0.0433190897103657
338,0.0094351753360371
339,0.00733190730038302
340,0.0257788143824627
341,0.0148571117786531
342,0.0031236009750728
343,0.0221502832891645
344,0.00496077567316888
345,0.00332194685793752
346,0.00804594232261024
347,0.0146389634140576
348,0.0130134609568699
349,0.0307500656676609
350,0.0109958324388231
351,0.0278797557266017
352,0.00129741914231563
353,0.0449567473608425
354,0.0309309973228693
355,0.0228455483538426
356,0.0172360914109788
357,0.0148881746884513
358,0.0314834561818884
359,0.00200018020152015
360,0.0525930292912733
361,0.0259880879848993
362,0.0272867877079364
363,0.0136407000539975
364,0.00465975231126947
365,0.00999672972483268
366,0.0144133724383693
367,0.0235206459483095
368,0.0255493747302324
369,0.0398587451850005
370,0.0214173632248134
371,0.0406584624531945
372,0.00250154084807264
373,0.0282727248754071
374,0.0426100774989777
375,0.0179320237449332
376,0.0449302882468032
377,0.00321790135821232
378,0.00390843815110031
379,0.0316404286481742
380,0.00680044945542591
381,0.00747033911086703
382,0.015943258877158
383,0.0135195841739773
384,0.0261439970247466
385,0.0132973249493489
386,0.017089682563963
387,0.00412312955454297
388,0.0197468818586799
389,0.0491269611129468
390,0.0422675450905388
391,0.00825414531938407
392,0.0453272231161179
393,0.000928190434663634
394,0.0111638561358802
395,0.0495063638264668
396,0.0231544261800991
397,0.0492610761746448
398,0.0172319124118161
399,0.0185799560637321
400,0.0126254075724006
401,0.0281681440050789
402,0.0100159024008519
403,0.00518909409862545
404,0.00962567709161988
405,0.0104395367522017
406,0.00419975559344721
407,0.0345638085621687
408,0.0305324323752245
409,0.0247609384088037
410,0.0182705383089683
411,0.0227879628610594
412,0.0231394738371904
413,0.0111105838696943
414,0.0309262253827143
415,0.00330567485450217
416,0.0269199956777726
417,0.0185287476795111
418,0.00310672941033374
419,0.0081098618208415
420,0.0241497886018749
421,0.00977051829586628
422,0.0817450168493821
423,0.0151293462791671
424,0.0299565792337404
425,0.0244492478499296
426,0.00968134965316381
427,0.0323102429269113
428,0.0323945356972501
429,0.0136402883723719
430,0.0144121005506435
431,0.0479414885685259
432,0.0267964201488553
433,0.00318057021600282
434,0.0393920577061664
435,0.0183326774995294
436,0.017014053414826
437,0.0157376758944281
438,0.0537180650249951
439,0.0191728877511252
440,0.00585272181157848
441,0.0170506794453331
442,0.044481538520003
443,0.0432470057158127
444,0.148715621069769
445,0.0200856558178657
446,0.0198292777966032
447,0.024620437841719
448,0.00606431996847334
449,0.0617362106518016
450,0.0480027358910462
451,0.0115573457986642
452,0.0278907204148879
453,0.0120122427244951
454,0.0332087391853122
455,0.00564786229018921
456,0.0158108380126407
457,0.0396078442055767
458,0.0164691347749226
459,0.0525379985583925
460,0.0058340130257335
461,0.0146048990239365
462,0.00858134514159303
463,0.0189893016417955
464,0.0118272407078166
465,0.0121650187867459
466,0.0145169854000073
467,0.0188140119555698
468,0.0258944469305078
469,0.0157242724975646
470,0.0116911978854546
471,0.0197477422243253
472,0.000607146388180713
473,0.00427314835670245
474,0.065027266707574
475,0.00785946183630415
476,0.0088451608027782
477,0.0125788319407434
478,0.00704260113911914
479,0.0210653839068584
480,0.0373404665698587
481,0.0476510238608654
482,0.00209584958753339
483,0.00439728330201206
484,0.0550195624326051
485,0.0296710367221209
486,0.0260834065060038
487,0.0160794882381055
488,0.0343040570251247
489,0.0396576310618428
490,0.00596510364738378
491,0.0146033464367861
492,0.00378979387377854
493,0.0375025020818356
494,0.018968520468448
495,0.0186467131493231
496,0.0270168950968497
497,0.00682016013577424
498,0.0289677448465113
499,0.00612965826489642
500,0.00303811636588591
